0,1.42671e-05
0.000628319,1.42187e-05
0.00125664,1.41705e-05
0.00188496,1.41224e-05
0.00251327,1.40745e-05
0.00314159,1.40268e-05
0.00376991,1.39792e-05
0.00439823,1.39317e-05
0.00502655,1.38844e-05
0.00565487,1.38373e-05
0.00628319,1.37903e-05
0.0069115,1.37434e-05
0.00753982,1.36967e-05
0.00816814,1.36502e-05
0.00879646,1.36038e-05
0.00942478,1.35575e-05
0.0100531,1.35114e-05
0.0106814,1.34655e-05
0.0113097,1.34196e-05
0.0119381,1.3374e-05
0.0125664,1.33285e-05
0.0131947,1.32831e-05
0.013823,1.32379e-05
0.0144513,1.31928e-05
0.0150796,1.31478e-05
0.015708,1.3103e-05
0.0163363,1.30584e-05
0.0169646,1.30139e-05
0.0175929,1.29695e-05
0.0182212,1.29253e-05
0.0188496,1.28812e-05
0.0194779,1.28373e-05
0.0201062,1.27935e-05
0.0207345,1.27498e-05
0.0213628,1.27063e-05
0.0219911,1.26629e-05
0.0226195,1.26197e-05
0.0232478,1.25766e-05
0.0238761,1.25336e-05
0.0245044,1.24908e-05
0.0251327,1.24481e-05
0.0257611,1.24055e-05
0.0263894,1.23631e-05
0.0270177,1.23208e-05
0.027646,1.22787e-05
0.0282743,1.22367e-05
0.0289027,1.21948e-05
0.029531,1.21531e-05
0.0301593,1.21115e-05
0.0307876,1.207e-05
0.0314159,1.20287e-05
0.0320442,1.19874e-05
0.0326726,1.19464e-05
0.0333009,1.19054e-05
0.0339292,1.18646e-05
0.0345575,1.18239e-05
0.0351858,1.17834e-05
0.0358142,1.1743e-05
0.0364425,1.17027e-05
0.0370708,1.16625e-05
0.0376991,1.16225e-05
0.0383274,1.15826e-05
0.0389557,1.15429e-05
0.0395841,1.15032e-05
0.0402124,1.14637e-05
0.0408407,1.14243e-05
0.041469,1.13851e-05
0.0420973,1.13459e-05
0.0427257,1.13069e-05
0.043354,1.1268e-05
0.0439823,1.12293e-05
0.0446106,1.11907e-05
0.0452389,1.11522e-05
0.0458673,1.11138e-05
0.0464956,1.10755e-05
0.0471239,1.10374e-05
0.0477522,1.09994e-05
0.0483805,1.09615e-05
0.0490088,1.09237e-05
0.0496372,1.08861e-05
0.0502655,1.08486e-05
0.0508938,1.08112e-05
0.0515221,1.07739e-05
0.0521504,1.07368e-05
0.0527788,1.06997e-05
0.0534071,1.06628e-05
0.0540354,1.0626e-05
0.0546637,1.05893e-05
0.055292,1.05528e-05
0.0559203,1.05163e-05
0.0565487,1.048e-05
0.057177,1.04438e-05
0.0578053,1.04077e-05
0.0584336,1.03718e-05
0.0590619,1.03359e-05
0.0596903,1.03002e-05
0.0603186,1.02646e-05
0.0609469,1.02291e-05
0.0615752,1.01937e-05
0.0622035,1.01584e-05
0.0628319,1.01233e-05
0.0634602,1.00882e-05
0.0640885,1.00533e-05
0.0647168,1.00185e-05
0.0653451,9.98376e-06
0.0659734,9.94917e-06
0.0666018,9.9147e-06
0.0672301,9.88033e-06
0.0678584,9.84608e-06
0.0684867,9.81194e-06
0.069115,9.77791e-06
0.0697434,9.74399e-06
0.0703717,9.71018e-06
0.071,9.67648e-06
0.0716283,9.64289e-06
0.0722566,9.60942e-06
0.0728849,9.57605e-06
0.0735133,9.54278e-06
0.0741416,9.50963e-06
0.0747699,9.47659e-06
0.0753982,9.44365e-06
0.0760265,9.41082e-06
0.0766549,9.3781e-06
0.0772832,9.34549e-06
0.0779115,9.31298e-06
0.0785398,9.28058e-06
0.0791681,9.24828e-06
0.0797965,9.21609e-06
0.0804248,9.18401e-06
0.0810531,9.15203e-06
0.0816814,9.12015e-06
0.0823097,9.08838e-06
0.082938,9.05671e-06
0.0835664,9.02515e-06
0.0841947,8.99369e-06
0.084823,8.96233e-06
0.0854513,8.93108e-06
0.0860796,8.89993e-06
0.086708,8.86888e-06
0.0873363,8.83793e-06
0.0879646,8.80708e-06
0.0885929,8.77634e-06
0.0892212,8.74569e-06
0.0898495,8.71515e-06
0.0904779,8.6847e-06
0.0911062,8.65436e-06
0.0917345,8.62412e-06
0.0923628,8.59397e-06
0.0929911,8.56393e-06
0.0936195,8.53398e-06
0.0942478,8.50413e-06
0.0948761,8.47438e-06
0.0955044,8.44473e-06
0.0961327,8.41517e-06
0.0967611,8.38571e-06
0.0973894,8.35635e-06
0.0980177,8.32709e-06
0.098646,8.29792e-06
0.0992743,8.26885e-06
0.0999026,8.23987e-06
0.100531,8.21099e-06
0.101159,8.1822e-06
0.101788,8.15351e-06
0.102416,8.12491e-06
0.103044,8.09641e-06
0.103673,8.068e-06
0.104301,8.03969e-06
0.104929,8.01147e-06
0.105558,7.98334e-06
0.106186,7.9553e-06
0.106814,7.92736e-06
0.107442,7.89951e-06
0.108071,7.87175e-06
0.108699,7.84408e-06
0.109327,7.8165e-06
0.109956,7.78902e-06
0.110584,7.76163e-06
0.111212,7.73432e-06
0.111841,7.70711e-06
0.112469,7.67999e-06
0.113097,7.65295e-06
0.113726,7.62601e-06
0.114354,7.59915e-06
0.114982,7.57239e-06
0.115611,7.54571e-06
0.116239,7.51912e-06
0.116867,7.49262e-06
0.117496,7.46621e-06
0.118124,7.43988e-06
0.118752,7.41364e-06
0.119381,7.38749e-06
0.120009,7.36143e-06
0.120637,7.33545e-06
0.121265,7.30955e-06
0.121894,7.28375e-06
0.122522,7.25803e-06
0.12315,7.23239e-06
0.123779,7.20684e-06
0.124407,7.18138e-06
0.125035,7.15599e-06
0.125664,7.1307e-06
0.126292,7.10548e-06
0.12692,7.08036e-06
0.127549,7.05531e-06
0.128177,7.03035e-06
0.128805,7.00547e-06
0.129434,6.98067e-06
0.130062,6.95596e-06
0.13069,6.93133e-06
0.131319,6.90678e-06
0.131947,6.88231e-06
0.132575,6.85792e-06
0.133204,6.83362e-06
0.133832,6.80939e-06
0.13446,6.78525e-06
0.135088,6.76119e-06
0.135717,6.7372e-06
0.136345,6.7133e-06
0.136973,6.68948e-06
0.137602,6.66573e-06
0.13823,6.64207e-06
0.138858,6.61848e-06
0.139487,6.59498e-06
0.140115,6.57155e-06
0.140743,6.5482e-06
0.141372,6.52493e-06
0.142,6.50173e-06
0.142628,6.47861e-06
0.143257,6.45557e-06
0.143885,6.43261e-06
0.144513,6.40973e-06
0.145142,6.38692e-06
0.14577,6.36418e-06
0.146398,6.34153e-06
0.147027,6.31894e-06
0.147655,6.29644e-06
0.148283,6.27401e-06
0.148911,6.25165e-06
0.14954,6.22937e-06
0.150168,6.20717e-06
0.150796,6.18504e-06
0.151425,6.16298e-06
0.152053,6.141e-06
0.152681,6.11909e-06
0.15331,6.09725e-06
0.153938,6.07549e-06
0.154566,6.0538e-06
0.155195,6.03218e-06
0.155823,6.01064e-06
0.156451,5.98916e-06
0.15708,5.96776e-06
0.157708,5.94643e-06
0.158336,5.92518e-06
0.158965,5.90399e-06
0.159593,5.88288e-06
0.160221,5.86184e-06
0.16085,5.84086e-06
0.161478,5.81996e-06
0.162106,5.79913e-06
0.162734,5.77837e-06
0.163363,5.75768e-06
0.163991,5.73706e-06
0.164619,5.7165e-06
0.165248,5.69602e-06
0.165876,5.67561e-06
0.166504,5.65526e-06
0.167133,5.63498e-06
0.167761,5.61478e-06
0.168389,5.59464e-06
0.169018,5.57456e-06
0.169646,5.55456e-06
0.170274,5.53462e-06
0.170903,5.51475e-06
0.171531,5.49495e-06
0.172159,5.47521e-06
0.172788,5.45554e-06
0.173416,5.43594e-06
0.174044,5.4164e-06
0.174673,5.39693e-06
0.175301,5.37753e-06
0.175929,5.35819e-06
0.176558,5.33891e-06
0.177186,5.3197e-06
0.177814,5.30056e-06
0.178442,5.28148e-06
0.179071,5.26247e-06
0.179699,5.24352e-06
0.180327,5.22463e-06
0.180956,5.20581e-06
0.181584,5.18705e-06
0.182212,5.16836e-06
0.182841,5.14972e-06
0.183469,5.13116e-06
0.184097,5.11265e-06
0.184726,5.09421e-06
0.185354,5.07583e-06
0.185982,5.05751e-06
0.186611,5.03925e-06
0.187239,5.02106e-06
0.187867,5.00293e-06
0.188496,4.98486e-06
0.189124,4.96685e-06
0.189752,4.9489e-06
0.190381,4.93101e-06
0.191009,4.91319e-06
0.191637,4.89542e-06
0.192265,4.87772e-06
0.192894,4.86007e-06
0.193522,4.84249e-06
0.19415,4.82496e-06
0.194779,4.8075e-06
0.195407,4.79009e-06
0.196035,4.77274e-06
0.196664,4.75546e-06
0.197292,4.73823e-06
0.19792,4.72106e-06
0.198549,4.70394e-06
0.199177,4.68689e-06
0.199805,4.6699e-06
0.200434,4.65296e-06
0.201062,4.63608e-06
0.20169,4.61926e-06
0.202319,4.60249e-06
0.202947,4.58578e-06
0.203575,4.56913e-06
0.204204,4.55254e-06
0.204832,4.536e-06
0.20546,4.51952e-06
0.206088,4.5031e-06
0.206717,4.48673e-06
0.207345,4.47042e-06
0.207973,4.45416e-06
0.208602,4.43796e-06
0.20923,4.42182e-06
0.209858,4.40573e-06
0.210487,4.38969e-06
0.211115,4.37371e-06
0.211743,4.35778e-06
0.212372,4.34191e-06
0.213,4.3261e-06
0.213628,4.31033e-06
0.214257,4.29463e-06
0.214885,4.27897e-06
0.215513,4.26337e-06
0.216142,4.24782e-06
0.21677,4.23233e-06
0.217398,4.21689e-06
0.218027,4.2015e-06
0.218655,4.18616e-06
0.219283,4.17088e-06
0.219911,4.15565e-06
0.22054,4.14047e-06
0.221168,4.12535e-06
0.221796,4.11027e-06
0.222425,4.09525e-06
0.223053,4.08028e-06
0.223681,4.06536e-06
0.22431,4.05049e-06
0.224938,4.03567e-06
0.225566,4.02091e-06
0.226195,4.00619e-06
0.226823,3.99153e-06
0.227451,3.97692e-06
0.22808,3.96235e-06
0.228708,3.94784e-06
0.229336,3.93338e-06
0.229965,3.91896e-06
0.230593,3.9046e-06
0.231221,3.89028e-06
0.23185,3.87602e-06
0.232478,3.8618e-06
0.233106,3.84764e-06
0.233734,3.83352e-06
0.234363,3.81945e-06
0.234991,3.80543e-06
0.235619,3.79145e-06
0.236248,3.77753e-06
0.236876,3.76365e-06
0.237504,3.74983e-06
0.238133,3.73605e-06
0.238761,3.72231e-06
0.239389,3.70863e-06
0.240018,3.69499e-06
0.240646,3.6814e-06
0.241274,3.66785e-06
0.241903,3.65436e-06
0.242531,3.64091e-06
0.243159,3.6275e-06
0.243788,3.61415e-06
0.244416,3.60083e-06
0.245044,3.58757e-06
0.245673,3.57435e-06
0.246301,3.56118e-06
0.246929,3.54805e-06
0.247558,3.53497e-06
0.248186,3.52193e-06
0.248814,3.50894e-06
0.249442,3.49599e-06
0.250071,3.48309e-06
0.250699,3.47023e-06
0.251327,3.45742e-06
0.251956,3.44465e-06
0.252584,3.43193e-06
0.253212,3.41925e-06
0.253841,3.40661e-06
0.254469,3.39402e-06
0.255097,3.38148e-06
0.255726,3.36897e-06
0.256354,3.35651e-06
0.256982,3.34409e-06
0.257611,3.33172e-06
0.258239,3.31939e-06
0.258867,3.3071e-06
0.259496,3.29486e-06
0.260124,3.28265e-06
0.260752,3.27049e-06
0.261381,3.25838e-06
0.262009,3.2463e-06
0.262637,3.23427e-06
0.263265,3.22227e-06
0.263894,3.21032e-06
0.264522,3.19842e-06
0.26515,3.18655e-06
0.265779,3.17472e-06
0.266407,3.16294e-06
0.267035,3.1512e-06
0.267664,3.1395e-06
0.268292,3.12783e-06
0.26892,3.11621e-06
0.269549,3.10463e-06
0.270177,3.0931e-06
0.270805,3.0816e-06
0.271434,3.07014e-06
0.272062,3.05872e-06
0.27269,3.04734e-06
0.273319,3.036e-06
0.273947,3.0247e-06
0.274575,3.01344e-06
0.275204,3.00222e-06
0.275832,2.99104e-06
0.27646,2.9799e-06
0.277088,2.9688e-06
0.277717,2.95773e-06
0.278345,2.94671e-06
0.278973,2.93572e-06
0.279602,2.92477e-06
0.28023,2.91386e-06
0.280858,2.90299e-06
0.281487,2.89216e-06
0.282115,2.88136e-06
0.282743,2.87061e-06
0.283372,2.85989e-06
0.284,2.8492e-06
0.284628,2.83856e-06
0.285257,2.82795e-06
0.285885,2.81738e-06
0.286513,2.80685e-06
0.287142,2.79635e-06
0.28777,2.7859e-06
0.288398,2.77547e-06
0.289027,2.76509e-06
0.289655,2.75474e-06
0.290283,2.74443e-06
0.290911,2.73415e-06
0.29154,2.72391e-06
0.292168,2.71371e-06
0.292796,2.70354e-06
0.293425,2.69341e-06
0.294053,2.68331e-06
0.294681,2.67325e-06
0.29531,2.66322e-06
0.295938,2.65323e-06
0.296566,2.64328e-06
0.297195,2.63336e-06
0.297823,2.62348e-06
0.298451,2.61363e-06
0.29908,2.60381e-06
0.299708,2.59403e-06
0.300336,2.58428e-06
0.300965,2.57457e-06
0.301593,2.5649e-06
0.302221,2.55525e-06
0.30285,2.54564e-06
0.303478,2.53607e-06
0.304106,2.52653e-06
0.304734,2.51702e-06
0.305363,2.50755e-06
0.305991,2.49811e-06
0.306619,2.4887e-06
0.307248,2.47933e-06
0.307876,2.46999e-06
0.308504,2.46068e-06
0.309133,2.4514e-06
0.309761,2.44216e-06
0.310389,2.43295e-06
0.311018,2.42378e-06
0.311646,2.41464e-06
0.312274,2.40552e-06
0.312903,2.39645e-06
0.313531,2.3874e-06
0.314159,2.37838e-06
0.314788,2.3694e-06
0.315416,2.36045e-06
0.316044,2.35153e-06
0.316673,2.34265e-06
0.317301,2.33379e-06
0.317929,2.32497e-06
0.318557,2.31617e-06
0.319186,2.30741e-06
0.319814,2.29868e-06
0.320442,2.28998e-06
0.321071,2.28132e-06
0.321699,2.27268e-06
0.322327,2.26407e-06
0.322956,2.2555e-06
0.323584,2.24695e-06
0.324212,2.23843e-06
0.324841,2.22995e-06
0.325469,2.2215e-06
0.326097,2.21307e-06
0.326726,2.20468e-06
0.327354,2.19631e-06
0.327982,2.18798e-06
0.328611,2.17967e-06
0.329239,2.1714e-06
0.329867,2.16315e-06
0.330496,2.15494e-06
0.331124,2.14675e-06
0.331752,2.13859e-06
0.332381,2.13046e-06
0.333009,2.12236e-06
0.333637,2.11429e-06
0.334265,2.10625e-06
0.334894,2.09824e-06
0.335522,2.09025e-06
0.33615,2.0823e-06
0.336779,2.07437e-06
0.337407,2.06647e-06
0.338035,2.0586e-06
0.338664,2.05076e-06
0.339292,2.04294e-06
0.33992,2.03516e-06
0.340549,2.0274e-06
0.341177,2.01967e-06
0.341805,2.01197e-06
0.342434,2.00429e-06
0.343062,1.99664e-06
0.34369,1.98902e-06
0.344319,1.98143e-06
0.344947,1.97386e-06
0.345575,1.96633e-06
0.346204,1.95881e-06
0.346832,1.95133e-06
0.34746,1.94387e-06
0.348088,1.93644e-06
0.348717,1.92904e-06
0.349345,1.92166e-06
0.349973,1.91431e-06
0.350602,1.90698e-06
0.35123,1.89968e-06
0.351858,1.89241e-06
0.352487,1.88517e-06
0.353115,1.87795e-06
0.353743,1.87075e-06
0.354372,1.86358e-06
0.355,1.85644e-06
0.355628,1.84932e-06
0.356257,1.84223e-06
0.356885,1.83517e-06
0.357513,1.82813e-06
0.358142,1.82111e-06
0.35877,1.81412e-06
0.359398,1.80716e-06
0.360027,1.80022e-06
0.360655,1.79331e-06
0.361283,1.78642e-06
0.361911,1.77956e-06
0.36254,1.77272e-06
0.363168,1.7659e-06
0.363796,1.75911e-06
0.364425,1.75235e-06
0.365053,1.74561e-06
0.365681,1.73889e-06
0.36631,1.7322e-06
0.366938,1.72553e-06
0.367566,1.71888e-06
0.368195,1.71226e-06
0.368823,1.70567e-06
0.369451,1.6991e-06
0.37008,1.69255e-06
0.370708,1.68602e-06
0.371336,1.67952e-06
0.371965,1.67305e-06
0.372593,1.66659e-06
0.373221,1.66016e-06
0.37385,1.65375e-06
0.374478,1.64737e-06
0.375106,1.64101e-06
0.375734,1.63467e-06
0.376363,1.62836e-06
0.376991,1.62206e-06
0.377619,1.6158e-06
0.378248,1.60955e-06
0.378876,1.60333e-06
0.379504,1.59712e-06
0.380133,1.59095e-06
0.380761,1.58479e-06
0.381389,1.57866e-06
0.382018,1.57255e-06
0.382646,1.56646e-06
0.383274,1.56039e-06
0.383903,1.55434e-06
0.384531,1.54832e-06
0.385159,1.54232e-06
0.385788,1.53634e-06
0.386416,1.53038e-06
0.387044,1.52445e-06
0.387673,1.51854e-06
0.388301,1.51264e-06
0.388929,1.50677e-06
0.389557,1.50092e-06
0.390186,1.49509e-06
0.390814,1.48929e-06
0.391442,1.4835e-06
0.392071,1.47774e-06
0.392699,1.47199e-06
0.393327,1.46627e-06
0.393956,1.46057e-06
0.394584,1.45489e-06
0.395212,1.44923e-06
0.395841,1.44359e-06
0.396469,1.43797e-06
0.397097,1.43237e-06
0.397726,1.42679e-06
0.398354,1.42124e-06
0.398982,1.4157e-06
0.399611,1.41018e-06
0.400239,1.40469e-06
0.400867,1.39921e-06
0.401496,1.39375e-06
0.402124,1.38832e-06
0.402752,1.3829e-06
0.40338,1.3775e-06
0.404009,1.37213e-06
0.404637,1.36677e-06
0.405265,1.36143e-06
0.405894,1.35611e-06
0.406522,1.35082e-06
0.40715,1.34554e-06
0.407779,1.34028e-06
0.408407,1.33504e-06
0.409035,1.32982e-06
0.409664,1.32461e-06
0.410292,1.31943e-06
0.41092,1.31427e-06
0.411549,1.30912e-06
0.412177,1.304e-06
0.412805,1.29889e-06
0.413434,1.2938e-06
0.414062,1.28873e-06
0.41469,1.28368e-06
0.415319,1.27865e-06
0.415947,1.27363e-06
0.416575,1.26864e-06
0.417204,1.26366e-06
0.417832,1.2587e-06
0.41846,1.25376e-06
0.419088,1.24884e-06
0.419717,1.24394e-06
0.420345,1.23905e-06
0.420973,1.23418e-06
0.421602,1.22933e-06
0.42223,1.2245e-06
0.422858,1.21969e-06
0.423487,1.21489e-06
0.424115,1.21011e-06
0.424743,1.20535e-06
0.425372,1.20061e-06
0.426,1.19588e-06
0.426628,1.19117e-06
0.427257,1.18648e-06
0.427885,1.18181e-06
0.428513,1.17715e-06
0.429142,1.17251e-06
0.42977,1.16789e-06
0.430398,1.16329e-06
0.431027,1.1587e-06
0.431655,1.15413e-06
0.432283,1.14957e-06
0.432911,1.14504e-06
0.43354,1.14052e-06
0.434168,1.13601e-06
0.434796,1.13152e-06
0.435425,1.12705e-06
0.436053,1.1226e-06
0.436681,1.11816e-06
0.43731,1.11374e-06
0.437938,1.10934e-06
0.438566,1.10495e-06
0.439195,1.10058e-06
0.439823,1.09622e-06
0.440451,1.09188e-06
0.44108,1.08756e-06
0.441708,1.08325e-06
0.442336,1.07896e-06
0.442965,1.07469e-06
0.443593,1.07043e-06
0.444221,1.06619e-06
0.44485,1.06196e-06
0.445478,1.05775e-06
0.446106,1.05355e-06
0.446734,1.04937e-06
0.447363,1.04521e-06
0.447991,1.04106e-06
0.448619,1.03692e-06
0.449248,1.0328e-06
0.449876,1.0287e-06
0.450504,1.02461e-06
0.451133,1.02054e-06
0.451761,1.01648e-06
0.452389,1.01244e-06
0.453018,1.00841e-06
0.453646,1.0044e-06
0.454274,1.0004e-06
0.454903,9.9642e-07
0.455531,9.92453e-07
0.456159,9.885e-07
0.456788,9.84562e-07
0.457416,9.80639e-07
0.458044,9.76731e-07
0.458673,9.72837e-07
0.459301,9.68958e-07
0.459929,9.65093e-07
0.460557,9.61243e-07
0.461186,9.57407e-07
0.461814,9.53585e-07
0.462442,9.49778e-07
0.463071,9.45985e-07
0.463699,9.42206e-07
0.464327,9.38441e-07
0.464956,9.34691e-07
0.465584,9.30954e-07
0.466212,9.27232e-07
0.466841,9.23524e-07
0.467469,9.19829e-07
0.468097,9.16148e-07
0.468726,9.12481e-07
0.469354,9.08828e-07
0.469982,9.05189e-07
0.470611,9.01563e-07
0.471239,8.97951e-07
0.471867,8.94353e-07
0.472496,8.90768e-07
0.473124,8.87196e-07
0.473752,8.83638e-07
0.47438,8.80093e-07
0.475009,8.76562e-07
0.475637,8.73044e-07
0.476265,8.69539e-07
0.476894,8.66047e-07
0.477522,8.62569e-07
0.47815,8.59103e-07
0.478779,8.55651e-07
0.479407,8.52212e-07
0.480035,8.48785e-07
0.480664,8.45372e-07
0.481292,8.41971e-07
0.48192,8.38583e-07
0.482549,8.35208e-07
0.483177,8.31846e-07
0.483805,8.28497e-07
0.484434,8.2516e-07
0.485062,8.21835e-07
0.48569,8.18524e-07
0.486319,8.15224e-07
0.486947,8.11938e-07
0.487575,8.08663e-07
0.488203,8.05401e-07
0.488832,8.02152e-07
0.48946,7.98914e-07
0.490088,7.95689e-07
0.490717,7.92476e-07
0.491345,7.89276e-07
0.491973,7.86087e-07
0.492602,7.8291e-07
0.49323,7.79746e-07
0.493858,7.76593e-07
0.494487,7.73453e-07
0.495115,7.70324e-07
0.495743,7.67207e-07
0.496372,7.64102e-07
0.497,7.61009e-07
0.497628,7.57928e-07
0.498257,7.54858e-07
0.498885,7.518e-07
0.499513,7.48753e-07
0.500142,7.45718e-07
0.50077,7.42695e-07
0.501398,7.39683e-07
0.502027,7.36682e-07
0.502655,7.33693e-07
0.503283,7.30716e-07
0.503911,7.27749e-07
0.50454,7.24794e-07
0.505168,7.2185e-07
0.505796,7.18918e-07
0.506425,7.15996e-07
0.507053,7.13086e-07
0.507681,7.10187e-07
0.50831,7.07298e-07
0.508938,7.04421e-07
0.509566,7.01555e-07
0.510195,6.98699e-07
0.510823,6.95855e-07
0.511451,6.93021e-07
0.51208,6.90199e-07
0.512708,6.87387e-07
0.513336,6.84585e-07
0.513965,6.81795e-07
0.514593,6.79015e-07
0.515221,6.76245e-07
0.51585,6.73487e-07
0.516478,6.70738e-07
0.517106,6.68001e-07
0.517734,6.65273e-07
0.518363,6.62557e-07
0.518991,6.5985e-07
0.519619,6.57154e-07
0.520248,6.54468e-07
0.520876,6.51793e-07
0.521504,6.49128e-07
0.522133,6.46473e-07
0.522761,6.43828e-07
0.523389,6.41193e-07
0.524018,6.38568e-07
0.524646,6.35954e-07
0.525274,6.33349e-07
0.525903,6.30755e-07
0.526531,6.2817e-07
0.527159,6.25595e-07
0.527788,6.23031e-07
0.528416,6.20476e-07
0.529044,6.17931e-07
0.529673,6.15395e-07
0.530301,6.1287e-07
0.530929,6.10354e-07
0.531557,6.07847e-07
0.532186,6.05351e-07
0.532814,6.02864e-07
0.533442,6.00386e-07
0.534071,5.97918e-07
0.534699,5.9546e-07
0.535327,5.93011e-07
0.535956,5.90571e-07
0.536584,5.88141e-07
0.537212,5.8572e-07
0.537841,5.83309e-07
0.538469,5.80907e-07
0.539097,5.78514e-07
0.539726,5.7613e-07
0.540354,5.73756e-07
0.540982,5.7139e-07
0.541611,5.69034e-07
0.542239,5.66687e-07
0.542867,5.64349e-07
0.543496,5.6202e-07
0.544124,5.597e-07
0.544752,5.57389e-07
0.54538,5.55086e-07
0.546009,5.52793e-07
0.546637,5.50509e-07
0.547265,5.48233e-07
0.547894,5.45966e-07
0.548522,5.43708e-07
0.54915,5.41459e-07
0.549779,5.39219e-07
0.550407,5.36987e-07
0.551035,5.34763e-07
0.551664,5.32549e-07
0.552292,5.30343e-07
0.55292,5.28145e-07
0.553549,5.25956e-07
0.554177,5.23776e-07
0.554805,5.21604e-07
0.555434,5.1944e-07
0.556062,5.17285e-07
0.55669,5.15138e-07
0.557319,5.12999e-07
0.557947,5.10869e-07
0.558575,5.08747e-07
0.559203,5.06634e-07
0.559832,5.04528e-07
0.56046,5.02431e-07
0.561088,5.00341e-07
0.561717,4.9826e-07
0.562345,4.96187e-07
0.562973,4.94123e-07
0.563602,4.92066e-07
0.56423,4.90017e-07
0.564858,4.87976e-07
0.565487,4.85943e-07
0.566115,4.83918e-07
0.566743,4.81901e-07
0.567372,4.79892e-07
0.568,4.7789e-07
0.568628,4.75897e-07
0.569257,4.73911e-07
0.569885,4.71933e-07
0.570513,4.69962e-07
0.571142,4.67999e-07
0.57177,4.66044e-07
0.572398,4.64097e-07
0.573027,4.62157e-07
0.573655,4.60225e-07
0.574283,4.583e-07
0.574911,4.56383e-07
0.57554,4.54473e-07
0.576168,4.52571e-07
0.576796,4.50676e-07
0.577425,4.48789e-07
0.578053,4.46909e-07
0.578681,4.45037e-07
0.57931,4.43171e-07
0.579938,4.41313e-07
0.580566,4.39463e-07
0.581195,4.37619e-07
0.581823,4.35783e-07
0.582451,4.33954e-07
0.58308,4.32132e-07
0.583708,4.30317e-07
0.584336,4.2851e-07
0.584965,4.26709e-07
0.585593,4.24916e-07
0.586221,4.23129e-07
0.58685,4.2135e-07
0.587478,4.19578e-07
0.588106,4.17812e-07
0.588734,4.16054e-07
0.589363,4.14302e-07
0.589991,4.12557e-07
0.590619,4.1082e-07
0.591248,4.09089e-07
0.591876,4.07364e-07
0.592504,4.05647e-07
0.593133,4.03936e-07
0.593761,4.02233e-07
0.594389,4.00535e-07
0.595018,3.98845e-07
0.595646,3.97161e-07
0.596274,3.95484e-07
0.596903,3.93813e-07
0.597531,3.92149e-07
0.598159,3.90492e-07
0.598788,3.88841e-07
0.599416,3.87196e-07
0.600044,3.85558e-07
0.600673,3.83927e-07
0.601301,3.82302e-07
0.601929,3.80683e-07
0.602557,3.79071e-07
0.603186,3.77465e-07
0.603814,3.75866e-07
0.604442,3.74273e-07
0.605071,3.72686e-07
0.605699,3.71105e-07
0.606327,3.69531e-07
0.606956,3.67963e-07
0.607584,3.66401e-07
0.608212,3.64845e-07
0.608841,3.63296e-07
0.609469,3.61753e-07
0.610097,3.60215e-07
0.610726,3.58684e-07
0.611354,3.57159e-07
0.611982,3.5564e-07
0.612611,3.54127e-07
0.613239,3.5262e-07
0.613867,3.51119e-07
0.614496,3.49624e-07
0.615124,3.48135e-07
0.615752,3.46651e-07
0.61638,3.45174e-07
0.617009,3.43703e-07
0.617637,3.42237e-07
0.618265,3.40777e-07
0.618894,3.39323e-07
0.619522,3.37875e-07
0.62015,3.36433e-07
0.620779,3.34996e-07
0.621407,3.33565e-07
0.622035,3.3214e-07
0.622664,3.3072e-07
0.623292,3.29306e-07
0.62392,3.27898e-07
0.624549,3.26495e-07
0.625177,3.25098e-07
0.625805,3.23706e-07
0.626434,3.2232e-07
0.627062,3.2094e-07
0.62769,3.19565e-07
0.628319,3.18195e-07
